 2 9 48 152 175 205 212 261 277 284 300 307 370 410 607 623 717 735 751 758 792 844
 14 33 48 55 116 192 217 253 260 267 312 370 405 412 445 452 511 518 561 613 657 672 679 735 769 776 847
 37 46 64 103 120 226 243 277 284 296 303 318 345 352 359 366 381 418 439 488 495 510 590 608 628 648 697 704 748 764 771
 29 80 95 105 128 145 191 219 328 423 489 642 713 758 808 831
 28 57 77 102 129 148 258 265 404 419 449 553 569 584 629 664 713 728
 2 87 94 109 204 254 332 350 487 511 518 577 603 611 632 639 669 704 712 719 770 778
 18 154 201 216 223 235 283 339 390 397 418 425 434 453 460 481 565 582 637 644 695 711 735
 154 161 221 303 476 483 526 554 569 584 591 617 624 647 685 754 829 836 859
 1 33 70 135 182 198 241 279 294 303 340 395 460 478 493 500 517 559 566 573 661 704 711 721 728 754 772 808
 19 37 44 73 80 95 128 184 191 263 270 286 293 327 364 371 400 407 414 421 436 561 609 659 754 769 784 826 886 896
